311
311
308
297
332
342
352
352
352
429
412
414
411
376
346
328
306
221
234
199
161
134
105
77
152
319
433
458
474
410
334
319
320
316
294
272
248
352
192
352
352
352
165
155
148
266
228
168
175
185
189
189
186
188
189
187
188
189
189
191
192
194
196
201
204
209
210
210
211
210
208
208
205
203
202
202
199
197
195
196
196
194
197
193
197
199
203
205
205
195
187
226
352
182
352
352
352
352
283
284
289
289
279
281
280
290
298
319
343
369
383
375
352
318
287
271
256
233
216
195
177
387
135
118
101
152
236
397
470
481
441
362
316
316
327
321
316
307
300
286
258
214
174
126
352
352
352
352
352
302
352
352
227
431
352
352
352
352
352
352
352
352
352
352
352
352
352
282
282
278
216
175
180
188
200
204
204
204
204
204
204
204
204
204
204
204
204
204
204
204
204
204
204
204
204
204
204
204
204
204
204
204
204
204
204
204
204
204
204
198
352
352
352
352
352
352
352
352
64
1
128
352
352
352
1
17
65
263
342
350
267
267
283
290
303
340
346
341
330
312
320
321
321
317
298
352
280
331
333
330
374
375
365
360
341
331
297
273
244
229
206
180
153
129
107
87
352
33
136
275
389
505
352
392
422
533
352
352
264
267
272
460
452
352
594
494
295
158
84
57
94
330
500
629
664
352
290
144
26
65
105
183
338
413
446
323
447
493
501
460
381
309
316
305
304
290
268
247
222
203
181
157
137
120
89
48
7
352
352
352
273
311
310
317
358
370
350
279
305
50
26
170
440
352
352
352
352
352
352
352
352
352
352
352
352
352
352
352
352
352
352
352
352
352
352
352
352
352
352
352
352
352
352
352
352
352
352
352
352
352
352
352
352
352
352
352
352
352
352
352
352
352
352
352
352
352
352
352
352
352
352
352
352
352
352
352
352
352
352
352
291
371
352
352
352
352
352
352
352
352
352
595
401
322
323
352
352
352
352
352
352
352
352
352
352
352
352
352
352
352
352
352
352
352
352
352
352
667
672
609
384
236
680
352
352
352
281
185
58
127
214
299
319
312
293
299
299
300
300
300
300
300
300
300
300
300
300
300
300
300
300
300
301
302
303
306
310
308
302
302
302
306
312
316
327
337
334
352
352
301
274
264
243
232
201
181
160
133
121
101
153
262
379
456
469
478
423
358
346
354
363
355
347
335
316
299
283
247
212
188
352
277
133
518
132
143
153
352
490
366
434
411
404
412
418
422
421
421
421
421
421
421
422
423
424
425
424
425
425
425
426
426
427
426
427
428
428
428
429
429
429
429
428
428
428
427
427
426
427
426
426
426
425
426
426
426
426
426
426
426
426
426
426
426
426
426
427
426
426
474
352
352
352
352
352
352
275
152
339
352
352
243
257
251
247
262
287
318
335
397
527
593
573
390
352
352
352
352
352
352
352
352
352
420
339
297
352
352
352
352
352
352
352
352
352
352
352
352
352
352
352
352
352
352
352
352
352
352
352
352
352
352
352
352
309
309
308
343
352
342
331
331
338
337
336
336
336
336
336
336
336
336
336
336
336
336
336
336
335
333
333
333
333
333
332
331
331
332
331
332
331
332
333
333
328
315
308
319
343
368
378
362
295
231
194
196
173
163
149
138
123
111
103
172
261
449
502
531
510
395
273
239
250
251
244
223
202
179
156
144
95
57
40
352
315
294
295
295
312
315
319
311
311
308
309
309
309
309
309
309
309
309
309
309
309
309
309
309
309
309
309
309
309
309
309
309
309
309
309
309
309
309
309
309
309
309
309
309
309
309
309
309
309
309
309
309
309
309
309
309
309
309
309
309
309
304
304
300
299
295
301
301
299
298
289
303
315
325
349
361
344
352
352
352
352
352
352
352
352
352
352
352
352
322
352
641
557
478
377
366
445
444
382
318
290
266
264
311
300
299
441
643
555
352
352
352
352
352
352
352
352
352
352
352
352
352
352
352
352
352
352
352
352
309
299
341
449
657
530
352
352
352
352
352
352
352
352
352
352
352
352
352
352
352
352
352
352
352
352
352
294
285
307
354
379
382
352
352
352
352
352
352
352
352
352
311
311
306
304
294
291
289
296
292
285
288
326
368
440
438
437
434
447
438
418
406
384
250
352
329
306
287
260
237
216
188
168
143
116
95
80
92
184
312
292
292
291
313
304
298
295
297
294
295
294
294
293
293
293
293
292
292
292
292
291
290
291
288
291
283
233
352
352
470
557
565
518
351
233
150
164
172
248
332
333
308
293
287
195
253
233
211
201
183
165
141
127
108
96
87
140
261
435
488
512
250
250
264
267
265
263
263
263
263
263
263
263
263
263
263
263
263
263
263
263
263
263
263
263
263
263
263
263
264
328
328
318
305
294
287
297
332
398
424
474
352
352
352
352
352
352
352
352
352
352
352
352
350
319
367
352
352
352
352
352
352
352
217
276
374
352
352
352
352
656
352
78
352
352
352
352
352
352
352
352
352
352
352
329
329
331
295
240
198
352
352
352
352
352
352
352
352
352
352
352
352
352
352
352
352
352
352
352
352
352
352
352
352
352
352
352
352
352
352
352
352
352
352
352
352
352
352
352
352
352
352
352
352
343
323
352
23
40
54
352
352
352
352
352
352
352
352
352
352
352
352
352
352
352
352
352
352
352
334
337
329
323
324
324
338
293
302
298
288
280
251
238
224
200
164
149
123
100
133
232
393
463
356
277
207
195
240
238
204
352
257
193
352
120
234
108
352
352
352
352
352
352
352
352
352
352
352
352
352
352
352
352
352
352
352
352
352
353
352
352
352
352
352
352
429
352
321
321
313
308
309
312
294
322
337
369
371
347
334
317
194
257
194
177
164
131
112
94
205
344
449
501
333
314
302
287
282
304
313
352
352
352
352
352
352
352
352
352
352
352
352
352
352
352
352
352
352
352
352
352
352
352
352
325
325
309
311
304
288
280
280
304
324
359
369
343
352
352
276
235
200
195
203
202
196
178
168
163
154
148
136
124
120
117
108
107
99
100
100
172
300
387
415
441
445
443
449
477
513
352
352
473
473
394
361
250
352
260
352
352
497
352
352
352
431
338
275
352
352
83
79
23
25
28
26
27
26
27
26
27
26
27
26
26
26
26
26
26
26
26
26
26
26
26
26
26
26
26
26
26
26
26
26
26
26
26
26
26
26
26
26
26
26
313
313
300
294
287
279
270
290
305
322
331
319
312
343
352
315
341
323
334
337
347
334
323
323
325
312
306
291
209
245
225
204
195
180
159
134
122
108
166
249
354
413
417
412
414
418
447
505
352
352
426
360
362
422
360
352
352
352
352
352
352
352
352
352
352
352
352
352
217
243
21
109
90
352
352
352
352
352
352
352
308
301
300
289
289
315
352
413
447
420
400
370
368
343
300
276
251
228
210
192
167
146
120
105
215
350
441
450
445
314
314
297
297
291
282
281
286
327
405
511
539
473
352
352
7
352
352
20
170
369
519
352
352
580
412
286
519
518
517
514
507
484
472
447
424
395
362
326
287
246
179
91
352
290
353
352
487
572
460
524
352
497
352
352
352
352
352
352
352
352
352
352
352
352
352
352
352
352
352
352
352
352
352
352
352
352
352
352
352
352
352
352
352
352
352
352
352
352
352
352
352
352
352
352
352
352
352
352
352
352
289
289
285
313
328
334
327
326
331
322
328
325
337
334
330
300
276
264
253
239
223
211
202
185
287
161
141
127
118
105
104
101
174
284
373
402
429
426
431
437
442
454
452
457
456
352
352
386
352
352
375
386
374
381
378
378
377
379
378
380
380
379
379
381
383
377
376
377
377
377
377
377
377
382
382
381
382
381
381
381
381
382
382
382
382
376
376
376
376
382
376
376
376
376
376
376
376
376
382
376
315
315
313
319
304
303
298
298
302
300
304
301
352
352
337
376
381
396
400
388
374
366
357
343
331
314
283
257
234
214
193
168
144
125
107
87
106
209
350
443
308
309
301
329
371
383
373
358
358
370
367
368
354
341
363
323
314
295
300
297
283
270
257
246
229
205
190
171
162
151
138
123
114
107
103
99
142
209
331
397
418
429
332
319
311
353
442
462
463
394
352
352
352
352
352
352
352
352
352
352
401
352
352
352
352
352
327
311
280
262
283
308
334
327
337
381
391
380
361
350
324
310
305
277
257
229
201
186
165
144
128
107
95
81
129
227
343
397
410
311
290
319
369
352
352
352
352
352
352
352
352
673
352
352
352
352
352
352
352
352
689
569
342
96
674
568
433
285
175
162
318
317
244
162
213
352
352
352
352
352
352
352
352
352
352
352
352
352
352
352
352
352
352
352
352
352
352
314
313
290
335
372
352
352
352
352
352
352
299
352
352
352
352
352
352
352
352
352
562
435
352
352
352
352
352
352
352
293
289
290
290
330
400
354
288
276
288
343
352
352
695
352
352
642
512
345
197
156
220
300
319
271
232
184
147
79
319
31
80
133
238
288
301
303
316
323
334
342
351
360
367
373
378
382
387
391
396
400
403
405
407
410
412
414
416
419
420
422
423
424
447
412
399
386
324
352
352
352
240
144
134
121
101
223
352
352
352
352
320
320
322
333
328
330
326
327
327
327
327
327
327
327
327
327
327
327
327
327
327
327
327
327
327
327
327
327
327
327
327
326
325
326
324
323
322
323
323
320
320
320
319
319
316
316
316
316
316
315
313
312
315
324
324
323
294
281
286
353
411
468
406
402
362
352
342
338
338
325
313
308
295
286
270
254
435
205
188
171
163
150
137
120
113
102
118
167
231
275
303
306
323
330
341
341
325
352
352
352
352
352
352
410
352
352
374
352
352
303
303
306
316
310
300
300
297
297
298
302
305
311
319
327
333
324
352
352
352
352
374
438
451
424
409
346
328
317
320
296
285
265
246
223
423
165
138
112
139
252
367
389
404
392
394
402
411
415
412
404
397
386
369
352
308
288
352
407
352
352
241
352
352
352
431
352
352
352
352
350
350
350
350
577
512
495
506
499
467
445
442
445
443
464
507
545
583
592
597
587
600
597
300
298
298
297
300
342
352
352
352
520
512
490
352
71
352
22
158
355
468
589
529
439
343
329
327
332
326
320
241
292
278
249
245
226
213
196
172
151
135
120
109
100
100
154
171
160
152
134
331
87
249
299
268
269
352
380
344
352
352
114
19
467
662
352
352
352
352
352
352
352
352
352
352
352
352
352
299
293
291
316
366
688
352
685
570
281
86
352
352
352
352
352
352
352
352
352
352
352
352
352
352
352
352
352
352
352
352
352
352
352
352
352
352
352
283
283
279
300
307
312
303
302
300
304
308
310
314
310
316
327
338
337
314
352
193
65
352
352
174
328
402
423
401
377
379
389
396
393
390
386
383
373
296
341
313
286
261
235
210
182
154
123
99
86
138
242
396
449
520
599
352
352
352
378
414
341
182
147
352
352
352
352
352
352
352
352
108
85
41
352
352
352
352
352
352
352
435
256
289
289
292
311
305
297
290
291
283
281
280
280
278
277
277
277
277
277
276
276
275
275
276
273
278
277
287
368
429
505
552
512
388
333
318
360
364
370
343
345
337
333
321
317
307
299
289
276
258
231
210
185
169
154
132
115
99
120
202
316
340
345
363
383
408
422
433
500
569
625
352
352
352
289
352
460
320
268
330
291
257
292
247
352
352
352
352
352
352
434
352
352
352
352
352
289
292
315
356
370
352
352
352
352
352
352
352
352
352
352
352
352
352
352
352
352
352
352
352
352
352
352
352
352
352
551
454
352
352
352
302
290
295
291
283
282
305
352
352
352
389
431
502
471
422
371
333
338
342
335
298
279
445
202
141
151
299
364
344
341
345
345
341
332
312
262
213
352
352
352
190
161
200
187
178
170
167
171
176
178
173
177
173
181
189
202
216
239
249
235
257
240
243
276
287
307
289
250
246
224
193
156
332
352
352
352
352
352
352
352
352
352
352
352
352
352
352
352
352
352
352
352
352
352
352
352
352
352
352
352
352
294
294
294
294
294
294
294
294
294
294
294
294
294
294
294
294
294
294
294
294
294
294
294
294
294
294
294
294
294
294
294
294
294
294
294
294
294
294
294
294
294
294
294
294
294
294
294
294
294
294
294
294
294
294
294
294
294
294
294
294
294
294
294
294
294
294
294
294
294
294
294
294
294
294
294
294
294
294
294
294
294
294
294
294
294
294
294
294
294
294
294
294
294
294
294
294
294
294
294
294
294
294
294
294
294
294
294
294
294
294
294
294
294
294
294
294
294
294
294
294
294
294
294
294
294
294
294
294
294
294
294
294
294
294
294
294
294
294
294
294
294
294
294
294
294
294
294
294
294
294
294
294
294
294
294
294
294
294
294
294
294
294
294
294
294
294
294
294
294
294
294
294
294
294
294
294
294
294
294
294
294
294
294
295
295
295
313
352
352
352
352
352
352
298
295
294
294
294
293
293
293
294
293
294
294
295
294
295
295
295
294
293
293
290
286
283
352
275
256
352
247
269
267
267
254
241
227
300
301
294
289
270
266
264
295
311
323
366
434
453
500
508
495
463
493
483
456
445
430
416
403
379
284
326
297
260
234
204
175
150
126
102
72
71
166
272
376
423
311
311
311
327
327
322
316
315
310
310
303
294
292
290
289
287
286
283
282
280
280
277
278
245
352
352
352
484
554
537
504
435
380
381
398
414
393
394
389
383
368
357
344
331
322
306
291
254
226
198
179
163
143
120
96
79
102
181
302
349
374
373
386
389
413
426
433
446
352
352
352
352
352
304
352
352
270
352
536
492
452
366
352
352
352
352
352
352
352
398
447
515
352
352
352
352
352
352
352
352
352
263
322
352
352
352
352
304
304
303
332
335
330
325
319
324
320
327
335
371
375
383
369
376
375
368
366
360
349
339
330
325
316
302
278
254
230
214
201
184
168
151
133
120
109
102
104
148
206
223
234
299
306
294
292
292
282
352
340
344
415
457
505
552
530
449
452
425
434
449
460
427
398
386
399
401
394
350
385
380
376
375
373
370
371
370
369
368
365
362
361
363
362
359
358
358
356
355
354
352
349
347
345
342
340
339
338
339
339
335
332
331
330
328
326
325
325
325
322
320
320
318
316
317
318
317
324
353
370
352
345
307
284
352
352
352
276
212
352
210
352
352
352
352
352
352
352
352
352
460
352
352
375
312
248
352
352
352
352
352
352
352
352
352
352
352
303
313
326
323
336
336
356
329
293
302
349
358
372
360
282
357
334
332
332
327
324
297
284
267
242
224
189
163
130
120
86
52
48
352
304
305
310
269
233
207
216
220
235
247
242
229
222
204
218
312
352
660
685
696
587
565
441
400
398
399
416
416
412
412
413
413
413
413
413
413
413
413
413
413
413
413
413
413
413
413
413
413
413
413
413
413
413
413
413
413
413
413
413
413
413
413
413
413
413
413
413
413
413
413
413
413
413
413
413
413
413
413
413
413
413
413
413
413
413
413
414
414
414
414
356
414
414
414
455
352
352
352
352
352
453
450
453
352
538
352
352
352
352
352
352
352
352
352
352
352
352
352
352
352
352
352
352
352
352
352
352
352
352
352
352
352
352
352
352
352
352
352
352
352
352
352
352
352
352
352
352
352
352
466
493
509
504
490
478
466
352
352
352
352
352
352
352
352
352
352
451
352
352
352
352
352
459
462
456
352
352
352
352
352
352
352
352
352
352
352
352
352
352
352
352
352
352
352
352
352
352
352
352
352
352
352
352
352
352
352
352
352
352
352
352
352
352
352
352
352
352
352
352
352
352
352
352
352
352
352
352
352
352
352
352
352
352
352
352
352
352
352
352
352
352
352
352
232
237
252
273
282
282
284
282
273
257
247
240
233
226
212
192
168
153
154
152
117
83
86
109
145
176
192
191
191
203
217
227
240
253
259
262
265
266
269
280
302
324
331
312
343
445
664
619
573
516
456
434
423
423
495
496
498
498
289
302
339
368
404
414
422
354
352
352
352
352
352
352
352
352
352
352
352
352
352
352
352
352
352
352
352
352
352
352
352
352
352
352
352
352
352
352
352
352
352
352
352
352
352
352
352
352
352
352
352
352
352
352
248
193
148
95
175
662
640
352
352
352
352
352
352
352
352
352
352
352
352
352
352
352
352
352
352
352
352
352
352
352
352
422
459
482
481
487
505
520
535
542
293
293
301
352
358
363
355
359
355
357
357
357
357
357
357
357
357
357
357
357
357
357
357
357
357
357
357
357
357
357
357
357
357
357
357
357
357
357
357
357
357
357
357
357
357
357
357
357
357
357
357
357
357
357
357
357
357
357
357
357
357
357
357
357
357
357
357
357
357
357
357
357
357
357
357
357
357
357
357
357
357
357
357
357
357
357
357
357
357
357
357
357
357
357
357
357
357
357
357
357
357
357
357
357
357
357
357
357
357
357
357
357
357
357
357
357
357
357
357
357
357
357
357
357
357
357
357
357
357
357
357
357
357
357
357
357
357
357
353
354
355
357
367
377
409
454
370
352
352
352
352
352
352
352
352
352
352
352
352
352
352
352
352
352
352
352
352
352
352
352
352
352
352
352
352
352
352
352
352
352
352
352
352
352
352
573
670
658
623
607
315
315
318
400
454
465
460
455
459
451
456
452
453
456
457
457
457
457
457
457
457
457
457
457
457
457
457
457
457
457
479
352
352
352
352
352
352
352
134
4
242
352
352
352
352
352
352
352
352
352
2
2
352
352
352
64
352
352
32
352
352
352
352
352
352
352
352
352
352
352
352
352
687
352
352
352
688
689
662
666
561
352
278
278
295
398
412
411
397
396
392
392
388
389
389
391
389
388
388
388
388
388
388
388
388
388
388
388
388
388
388
388
388
388
388
388
388
388
388
388
388
388
388
388
385
379
375
382
378
378
381
385
383
381
371
374
378
382
375
358
339
345
352
338
320
334
317
344
348
343
343
344
331
330
344
343
472
339
336
332
331
328
327
327
330
330
328
326
326
326
327
327
326
325
323
322
323
322
323
323
323
321
323
324
326
328
328
327
325
323
324
347
327
320
330
317
352
352
352
352
352
84
352
352
352
352
352
352
352
384
413
352
352
352
352
352
352
451
352
352
352
314
315
348
371
373
358
359
361
360
359
359
359
359
359
359
359
359
359
360
360
360
360
359
360
359
358
356
354
351
349
346
343
352
357
377
399
428
320
352
352
25
41
14
83
191
270
327
337
354
365
375
389
399
407
412
416
420
422
422
422
422
422
423
422
422
423
422
423
423
423
422
423
422
422
422
422
422
422
423
423
423
423
422
422
422
423
423
423
423
423
423
423
423
423
422
414
391
393
420
429
419
408
405
410
417
416
416
417
418
313
314
314
308
314
315
308
305
302
304
300
301
300
302
301
301
300
301
301
301
302
303
303
303
303
303
305
330
315
336
341
322
315
314
313
313
308
306
301
295
299
303
300
301
302
302
301
299
297
294
294
295
297
298
297
343
296
297
298
299
299
298
299
300
300
301
302
305
308
310
316
319
321
320
321
321
325
330
330
330
332
333
335
336
338
341
345
347
349
354
354
353
354
357
370
377
352
345
361
404
394
390
392
392
395
389
385
383
381
378
376
374
371
365
369
370
371
372
376
377
378
379
381
381
381
382
382
382
383
383
384
384
384
384
384
384
384
384
384
384
384
384
384
384
384
384
384
384
384
384
384
384
384
384
384
384
384
384
384
384
384
384
384
384
384
384
384
384
384
384
384
384
384
384
384
384
384
384
384
384
384
384
384
384
384
384
384
384
384
384
384
384
384
384
384
384
384
384
384
384
384
384
384
384
384
384
384
384
384
384
384
384
384
384
384
384
384
384
384
384
384
384
384
314
323
384
400
391
344
349
347
349
349
354
352
351
351
351
351
351
351
351
351
351
351
351
351
351
351
351
351
351
351
351
351
351
351
351
351
351
351
351
351
351
351
351
351
351
351
351
351
351
351
351
351
351
351
350
350
350
350
350
350
348
348
349
348
348
349
348
349
352
352
350
350
350
350
350
350
352
352
351
353
353
353
353
354
356
358
362
367
371
376
380
387
391
380
358
307
251
206
181
171
166
204
250
246
240
225
216
209
206
212
210
209
211
209
205
214
227
240
243
238
236
234
235
238
243
246
251
255
264
269
344
279
282
289
297
303
309
317
326
337
346
349
357
367
377
386
394
403
411
420
429
438
442
447
459
470
480
493
506
518
529
542
552
560
568
578
586
595
601
592
580
543
515
458
417
424
429
450
461
452
450
461
489
480
461
461
462
484
451
446
436
390
385
395
401
402
409
406
403
400
399
399
398
398
399
398
398
398
398
398
398
398
398
398
398
398
399
399
398
399
399
399
399
399
399
399
399
399
399
399
399
399
399
399
399
399
399
399
399
399
399
399
399
399
399
399
399
399
399
399
399
399
399
399
399
399
399
399
399
399
399
399
399
399
399
399
399
399
399
321
321
322
332
348
350
342
343
346
347
349
345
344
343
343
343
343
343
343
343
343
343
343
343
343
343
343
343
343
343
343
343
343
343
343
343
343
343
343
343
343
343
343
343
343
343
343
343
343
343
343
343
343
343
343
343
343
343
343
343
343
343
343
343
343
343
343
343
343
343
343
343
343
343
343
343
343
343
343
343
343
343
343
343
343
343
343
343
343
343
343
343
343
343
343
343
343
343
343
343
343
343
343
343
343
343
343
343
343
343
343
343
343
343
343
343
344
344
344
343
341
337
332
333
334
334
332
330
326
321
319
319
316
314
313
310
308
311
314
313
311
311
311
311
311
311
311
311
310
310
311
311
310
310
309
308
309
309
308
308
309
308
307
308
309
309
310
310
310
311
312
312
311
312
314
315
314
320
337
338
330
343
342
348
350
335
326
322
327
329
331
329
323
323
316
306
309
317
315
312
303
305
310
317
319
321
323
326
330
335
443
342
344
349
355
364
373
380
388
402
410
420
433
445
459
472
478
487
498
505
513
524
538
557
573
585
596
594
561
521
444
430
444
458
457
451
453
453
454
454
454
454
455
454
454
454
455
454
454
454
454
454
454
454
454
454
454
454
455
454
454
455
455
454
455
455
455
455
454
455
455
455
455
455
455
455
455
295
333
365
391
401
393
394
392
390
387
389
385
386
387
388
387
387
387
386
386
386
380
379
379
374
370
369
369
369
371
380
385
390
382
378
380
396
402
318
268
216
171
202
230
240
261
239
221
216
218
226
223
219
212
206
212
224
237
240
238
240
254
259
263
264
261
264
269
281
291
295
310
330
336
346
354
367
376
382
398
413
428
438
461
486
497
508
519
529
549
558
568
592
598
602
640
633
606
572
513
427
461
468
479
461
451
459
461
472
485
521
499
481
450
413
360
330
319
306
313
321
338
338
346
355
342
320
332
333
334
332
332
332
331
332
332
332
332
332
332
332
332
332
332
332
332
332
332
332
332
332
332
332
332
332
332
332
332
332
332
332
332
332
332
332
332
332
332
332
332
332
332
332
332
332
332
332
332
332
332
332
332
332
332
332
332
332
332
332
332
332
332
332
332
332
332
332
332
332
332
332
332
332
334
339
360
378
404
448
497
576
588
552
480
513
560
580
598
551
484
355
303
300
277
201
352
352
674
247
238
556
637
540
352
352
352
352
352
352
352
284
284
284
296
319
326
324
320
320
327
330
329
327
326
326
328
328
327
327
327
327
328
328
328
328
328
329
331
332
332
333
333
333
333
333
333
334
334
334
334
334
335
335
335
332
329
330
331
330
331
332
333
335
336
338
341
344
348
349
354
371
385
376
366
367
365
359
347
339
337
333
334
336
351
357
350
342
338
328
323
327
324
319
312
305
299
294
292
280
275
268
258
249
246
284
236
228
223
218
212
207
201
194
190
186
181
176
174
171
169
168
167
166
165
162
159
157
158
165
183
196
208
221
231
237
240
243
245
246
247
245
241
238
230
222
217
212
206
202
206
352
352
358
352
283
290
333
352
352
352
352
352
407
370
409
391
367
303
151
168
183
180
168
155
151
142
143
155
159
161
163
159
158
154
150
157
157
159
159
158
160
162
159
163
164
161
163
164
164
166
171
167
175
169
168
176
173
173
175
176
169
169
166
168
165
168
165
167
167
168
166
169
165
169
166
165
166
166
169
169
170
170
173
167
171
168
171
172
173
173
172
171
172
169
172
172
175
174
177
175
178
177
180
179
181
181
184
184
188
186
188
192
191
194
195
192
194
192
194
192
191
191
193
189
188
188
189
186
188
191
189
188
186
187
187
186
186
186
185
184
187
190
186
185
184
185
181
182
185
180
261
264
271
330
338
333
324
328
327
320
321
320
322
331
334
333
330
331
333
263
259
262
264
259
267
266
163
389
150
143
139
140
145
145
142
140
136
136
138
141
143
146
150
151
156
161
167
171
175
177
181
187
192
198
206
214
221
226
231
237
244
253
272
290
309
331
350
370
385
409
425
443
462
482
499
492
352
352
352
352
436
348
435
352
300
157
339
551
452
348
397
451
373
352
352
267
191
213
219
284
352
352
352
352
318
289
290
320
352
352
352
352
352
352
352
352
352
352
352
334
352
352
352
352
352
316
335
335
317
296
317
318
334
334
333
295
316
317
335
334
335
316
335
352
352
352
352
352
334
334
334
335
352
335
317
316
317
335
316
315
335
335
315
317
316
334
352
316
334
313
317
296
317
315
317
297
296
316
316
316
298
296
295
263
263
266
289
314
319
315
310
307
310
316
316
313
309
305
305
308
308
309
309
309
308
306
305
303
305
306
308
305
303
303
302
302
308
324
333
324
330
341
350
354
340
327
321
325
325
338
338
336
335
332
327
325
326
328
326
323
321
319
315
302
290
280
271
263
256
395
232
222
215
213
200
194
185
179
167
155
141
128
118
110
103
102
100
97
88
76
69
62
67
87
110
321
321
321
322
317
291
270
277
289
289
284
281
279
275
268
265
265
268
269
266
264
261
258
256
254
260
265
262
262
269
289
302
316
333
347
357
367
387
407
419
400
351
303
251
187
123
97
102
132
168
212
221
216
206
190
176
165
155
150
151
149
150
151
155
154
147
139
131
122
114
106
96
93
87
80
74
306
60
52
48
46
43
40
36
35
34
34
34
34
32
32
33
34
35
36
37
38
39
42
55
62
66
71
69
73
81
343
343
346
343
333
333
325
316
316
316
317
315
313
311
311
311
312
312
307
294
309
299
320
335
342
328
319
313
310
304
299
293
287
281
276
268
257
247
205
192
382
162
138
124
109
94
78
67
55
44
37
29
24
19
17
12
3
352
319
319
310
309
319
316
308
302
302
299
299
299
298
294
292
284
278
269
249
255
257
262
270
265
263
261
268
264
258
251
251
250
247
246
244
244
231
223
217
211
201
193
186
176
325
131
121
102
84
77
68
49
37
34
32
25
21
19
17
19
21
21
23
352
352
352
352
352
352
352
352
352
352
352
352
352
352
352
352
352
352
352
352
352
352
352
352
352
352
352
352
352
352
352
352
352
352
352
352
352
352
352
352
352
352
352
352
352
352
352
352
352
352
352
352
352
352
352
352
352
352
352
352
352
352
352
352
352
352
352
352
352
352
352
352
352
352
352
352
352
352
352
352
352
352
352
352
352
352
352
352
352
352
352
352
352
352
352
352
352
352
352
352
608
352
352
352
352
352
352
352
352
352
352
352
352
352
352
352
352
352
352
352
352
352
352
352
352
352
352
352
352
352
352
352
352
352
352
352
352
352
352
352
352
352
352
352
352
352
352
352
352
352
352
352
352
352
352
352
352
352
352
352
352
352
328
328
328
332
362
385
375
355
341
326
314
322
338
356
374
405
405
310
310
310
314
314
327
326
326
326
327
329
331
331
330
327
326
326
326
326
328
330
332
336
336
337
339
343
348
355
363
371
379
386
389
390
392
393
393
393
390
378
371
365
357
347
339
332
324
316
308
298
288
281
275
270
268
264
260
256
253
250
251
253
254
254
255
254
254
252
251
251
253
256
261
267
271
276
281
286
289
292
293
294
295
295
295
297
297
295
295
294
294
294
293
291
289
286
282
280
278
280
283
291
299
309
318
325
332
337
342
346
350
354
356
356
354
352
349
347
347
348
347
346
345
343
339
336
335
334
333
335
336
334
331
328
325
323
327
338
363
401
422
409
374
302
309
339
371
381
383
359
309
241
172
114
75
45
36
40
47
59
47
29
5
352
352
352
352
352
352
352
352
701
619
485
357
239
120
28
352
352
352
352
352
352
352
352
352
352
352
352
352
352
352
352
352
352
352
352
352
352
352
603
513
645
326
328
333
340
347
324
324
329
335
345
140
105
108
115
125
134
143
159
167
173
189
210
241
275
313
330
379
380
352
352
352
352
352
352
352
352
417
477
498
426
352
352
352
352
352
419
362
377
356
340
375
421
466
467
462
456
446
457
447
427
385
360
352
346
341
346
345
346
341
348
340
341
335
331
327
321
311
302
299
288
293
273
268
262
260
255
296
237
236
231
215
225
177
181
183
182
173
157
352
352
352
352
352
352
352
352
352
352
352
352
352
352
352
352
277
277
277
286
324
324
313
313
315
314
317
324
336
352
373
373
321
321
316
335
336
334
323
321
321
319
317
311
309
305
292
273
329
350
374
358
348
343
332
325
313
302
291
284
272
249
236
221
209
194
149
155
131
112
94
109
153
176
188
193
206
245
275
285
300
307
301
298
294
275
352
307
305
219
219
381
355
396
423
292
283
302
300
321
311
287
443
468
493
545
666
352
352
352
352
402
409
270
384
454
278
218
229
254
390
350
256
225
256
288
256
288
256
256
288
288
288
256
256
230
231
390
376
394
448
495
572
352
352
352
508
633
352
352
352
249
336
286
324
352
352
352
352
336
343
324
341
346
349
344
335
328
430
422
450
326
555
592
597
634
352
352
352
352
352
352
352
352
352
352
352
352
352
352
352
352
352
352
352
352
352
352
352
352
352
394
395
412
386
367
282
205
128
59
239
475
352
352
352
352
352
352
352
352
352
352
352
352
352
352
352
352
352
352
678
570
457
332
352
600
622
593
480
380
285
214
149
110
359
364
349
315
307
309
285
269
240
180
169
228
311
322
317
296
288
268
249
313
427
368
302
232
166
105
110
118
192
146
174
305
288
303
303
277
282
284
281
284
279
272
266
259
254
345
373
353
285
271
270
282
276
268
264
261
258
252
251
248
240
234
236
230
207
190
165
137
122
352
338
131
215
257
352
352
352
352
352
352
352
352
352
352
352
352
352
352
352
352
352
352
352
352
352
352
352
352
352
352
352
352
352
352
352
352
352
352
352
352
352
352
352
352
352
352
352
352
352
352
352
352
352
352
352
352
352
352
352
352
352
352
352
352
352
352
352
352
352
352
352
352
352
352
352
352
352
352
352
352
352
352
352
352
352
352
352
352
352
352
352
352
352
352
352
352
352
352
352
352
352
352
352
352
352
352
352
352
352
352
352
352
352
352
352
352
352
352
361
361
360
359
352
353
345
343
348
341
341
339
336
337
334
335
334
333
334
333
331
318
301
282
268
244
212
192
230
314
352
343
314
307
299
292
285
267
248
233
442
397
344
282
213
152
81
96
92
127
215
293
201
348
328
330
335
329
335
333
335
337
333
335
337
337
331
324
317
355
356
363
341
343
292
248
250
286
257
225
214
178
377
306
233
86
41
106
220
200
200
346
376
389
350
371
373
381
382
382
246
235
260
208
258
215
207
234
226
191
194
270
194
202
243
177
230
225
211
186
207
221
188
224
261
218
228
182
203
221
176
232
230
446
446
448
418
438
438
453
441
441
451
444
298
297
300
308
302
298
309
306
307
296
306
309
313
303
301
310
303
305
301
303
303
314
300
312
297
307
295
306
303
298
297
313
302
309
